25 3 3 0

s 0 12 0 2 0 0
s 12 25 0.15 -0.35 1 1
s 12 17 0.75 2 1 0

p 1
p 2
p 0

# sector 0

l -1.0 3.0 -0.5 3.0 1 0.25 1 0.00 0 1 2
l -0.5 3.0 +0.5 3.0 1 0.50 1 0.25 0 0 2
l +0.5 3.0 +1.0 3.0 1 0.25 1 0.75 0 1 2

l +1.0 3.0 +1.0 3.5 1 0.25 1 0.00 0 1 2
l +1.0 3.5 +1.0 4.5 1 0.50 1 0.25 0 0 2
l +1.0 4.5 +1.0 5.0 1 0.25 1 0.75 0 1 2

l +1.0 5.0 +0.5 5.0 1 0.25 1 0.00 0 1 2
l +0.5 5.0 -0.5 5.0 1 0.50 1 0.25 0 0 2
l -0.5 5.0 -1.0 5.0 1 0.25 1 0.75 0 1 2

l -1.0 5.0 -1.0 4.5 1 0.25 1 0.00 0 1 2
l -1.0 4.5 -1.0 3.5 1 0.50 1 0.25 0 0 2
l -1.0 3.5 -1.0 3.0 1 0.25 1 0.75 0 1 2

# sector 1+2 portals

l -1 3 +1 3 1 1 1 0 0 2 3
l +1 3 +1 5 1 1 1 0 0 2 3
l +1 5 -1 5 1 1 1 0 0 2 3
l -1 5 -1 3 1 1 1 0 0 2 3

# sector 1

l -0.5 3.0 -0.5 3.5 1
l -0.5 3.5 -1.0 3.5 1

l +0.5 3.0 +0.5 3.5 1
l +0.5 3.5 +1.0 3.5 1

l -0.5 5.0 -0.5 4.5 1
l -0.5 4.5 -1.0 4.5 1

l +0.5 5.0 +0.5 4.5 1
l +0.5 4.5 +1.0 4.5 1